119380 
392622 
24743471
11670435
392622 
83898
91757973 
91757974 
25008296 
129316491  
53433594  
25052519
9916632 
9824145
87057554
5284513
92786
14985
1646
60795
68254185 
54841
60823 
46883536 
11180124
135908617 
90111638 
82146
9882189 
5328940
11978813
44421609
9996409
148184
2541
2585
2662
896
2771
2788 
56944144
9887712
2955 
2972
59868
197033
445580 
3152
892
9901946 
57827330 
11949646
46196517
65064 
10838895 
65872
644247
92337
6850841 
44240142
9976892
56842118 
3463
3519 
854026 
3672 
3686 
122480653  
25230468
10266700
60150609 
49837968 
78210254 
208907
67979346
657181
5284583
16134956
54690031
3961
21302490
46207733
214346
10429242 
10074640
10073773
896
4054
4091
4158
5853
9571002
54675783 
5281040
10013505
86530673  
156391  
71157
3038525 
24795933
135413527
6433106 
936  
644241 
4494 
71301276
10016012 
46203710 
73441910 
118435360 
51030870 
54677674
192706
657348 
10071196
24815904 
11249342 
4893 
5865
4938 
10380472 
53241828 
6099 
445154
9918381 
5070
77991
5090 
77999 
59227
11380684 
91469  
9577994 
130021
10220323 
60151477 
59823 
10302451
9843750
56843331
10246762  
54454 
25431
24965990 
49839871
1935
65999 
5426
11313622
10850
121488186
23989 
88602735 
66714983 
135398742 
3121
170361
9831415 
51352361 
128919 
