54670067
105102
24748573 
2726 
60750
4075
3749  
3005573 
135398740
772 
16722836 
44205240 
65028 
43815 
457193 
667490
896
2585 
6167
5281034 
2130
5071 
60855 
65016 
5362440 
3961 
464205 
123600 
11285588 
2719 
17396767 
492405
213039 
25151504 
3121
3559 
5281081 
3715
4091
24826799 
176077 
446541 
37542 
9829523
25126798 
30323 
2520 
5284616
2719
44462760
28179
44093 
5362119
2536
4413 
5959 
54686904 
441401
16130571 
131411  
2537
135308456
121304016  
135564749  
16720766
237
5845
137254326 
10445549 
25023695 
44247568 
153241 
135564632 
57389999 
45375953 
118598754 
129138801 
132010322 
71492799
223368
46907787 
46943415
6918328
6436223
9817231 
57543899
9589606
49843508
126961335
121427831 
122201421  
5388925 
11707536 
2287236  
135537060 
3220
638072 
